move 1
[9, 4, 2, 3, 8, 7, 6, 1, 5,.....]
move 2
[8, 4, 2, 3, 7, 6, 1, 5, ....., 9]
move 3
[7, 4, 2, 3, 6, 1, 5, ....., 9, 8]
move 4
[6, 4, 2, 3, 1, 5, ....., 9, 8, 7]
move 5
[1, 5, 4, 2, 3, ....., 9, 8, 7, 4, 2, 3, 6]
move 6
[3, 10, 11, 12, ..... , 5, 4, 2, 9, 8, 7, 6, 1]
move 7
[13, 14, 15, 16, ....., 5, 4, 9, 8, 7, 6, 1, 2, 10, 11, 12, 3]
move 8
[17, 18, 19, 20, ....., 5, 4, 9, 8, 7, 6, 1, 2, 10, 11, 12, 14, 15, 16, 3, 13]
move 9
[21, 22, 23, 24, ....., 5, 4, 9, 8, 7, 6, 1, 2, 10, 11, 12, 14, 15, 16, 18, 19, 20, 3, 13, 17]

head = n+4 once pull from MILLION
