100100000001100000111100111111101100

10010000000110000 0 11110011111110110 0
10010000000110000 1 11110011111110110 0
10010000000110000 0 11110011111110110 1
10010000000110000 1 11110011111110110 0
10010000000110000 0 11110011111110110 0
10010000000110000 1 11110011111110110 1
10010000000110000 0 11110011111110110 1
10010000000110000 1 11110011111110110 0
10010000000110000 0 11110011111110110 0
10010000000110000 1 11110011111110110 0
10010000000110000 0 11110011111110110 1
10010000000110000 1 11110011111110110 1
10010000000110000 0 11110011111110110 0
10010000000110000 1 11110011111110110 1
100100000
