Turn Off ((9, 9, 9), (11, 11, 11))
Overlaps ((10, 10, 10), (10, 12, 12))
1: -- ((10, 10, 10), (8, 12, 12))
2: -- ((9, 10, 10), (10, 10, 12))

Turn Off ((9, 9, 9), (11, 11, 11))
Overlaps ((10, 10, 10), (10, 12, 12))
1: -- ((8, 10, 10), (10, 12, 12))
2: -- ((9, 10, 10), (10, 10, 12))

2D:  9,9 -> 11, 11 (O)
2D: 10,10 -> 10,12 (X)

  OOO
  OXO
  OXO
  .X.

  ...
  ...
  ...
  ...

Cube ((10, 10, 10), (12, 12, 12)) Vs ((11, 11, 11), (13, 13, 13))
Overlaps ((11, 11, 11), (12, 12, 12))
3Cut x 11 12 in ((10, 10, 10), (12, 12, 12))
---8<----
((10, 10, 10), (10, 12, 12)) ((11, 10, 10), (11, 12, 12)) ((12, 10, 10), (12, 12, 12))
---8<----
3Cut y 11 12 in ((11, 10, 10), (11, 12, 12))
---8<----
((11, 10, 10), (11, 10, 12)) ((11, 11, 10), (11, 11, 12)) ((11, 12, 10), (11, 12, 12))
---8<----
3Cut z 11 12 in ((11, 11, 10), (11, 11, 12))
---8<----
((11, 11, 10), (11, 11, 10)) ((11, 11, 11), (11, 11, 11)) ((11, 11, 12), (11, 11, 12))
---8<----
-- ((10, 10, 10), (10, 12, 12)) False
-- ((12, 10, 10), (12, 12, 12)) False
-- ((11, 10, 10), (11, 10, 12)) False
-- ((11, 12, 10), (11, 12, 12)) False
-- ((11, 11, 10), (11, 11, 10)) False
-- ((11, 11, 11), (11, 11, 11)) False
-- ((11, 11, 12), (11, 11, 12)) False

